sample_size	sample_times	vcs
0	0	0
0	1	0
0	2	0
0	3	0
0	4	0
0	5	0
0	6	0
0	7	0
0	8	0
0	9	0
4000	0	214
4000	1	220
4000	2	228
4000	3	234
4000	4	227
4000	5	220
4000	6	225
4000	7	231
4000	8	202
4000	9	222
8000	0	291
8000	1	300
8000	2	287
8000	3	283
8000	4	296
8000	5	297
8000	6	293
8000	7	290
8000	8	288
8000	9	291
12000	0	332
12000	1	336
12000	2	326
12000	3	341
12000	4	342
12000	5	355
12000	6	314
12000	7	346
12000	8	316
12000	9	331
16000	0	365
16000	1	380
16000	2	373
16000	3	351
16000	4	377
16000	5	366
16000	6	371
16000	7	383
16000	8	379
16000	9	368
20000	0	401
20000	1	410
20000	2	396
20000	3	413
20000	4	409
20000	5	416
20000	6	385
20000	7	417
20000	8	392
20000	9	398
24000	0	424
24000	1	442
24000	2	429
24000	3	426
24000	4	421
24000	5	444
24000	6	403
24000	7	440
24000	8	428
24000	9	433
28000	0	448
28000	1	448
28000	2	472
28000	3	476
28000	4	464
28000	5	456
28000	6	439
28000	7	457
28000	8	466
28000	9	444
32000	0	471
32000	1	459
32000	2	476
32000	3	470
32000	4	495
32000	5	490
32000	6	464
32000	7	475
32000	8	470
32000	9	465
36000	0	529
36000	1	483
36000	2	500
36000	3	468
36000	4	513
36000	5	510
36000	6	494
36000	7	501
36000	8	499
36000	9	488
40000	0	514
40000	1	522
40000	2	532
40000	3	518
40000	4	500
40000	5	521
40000	6	512
40000	7	486
40000	8	518
40000	9	529
44000	0	536
44000	1	537
44000	2	516
44000	3	519
44000	4	539
44000	5	535
44000	6	531
44000	7	527
44000	8	529
44000	9	528
48000	0	547
48000	1	546
48000	2	536
48000	3	552
48000	4	568
48000	5	531
48000	6	549
48000	7	556
48000	8	540
48000	9	554
52000	0	568
52000	1	571
52000	2	566
52000	3	574
52000	4	562
52000	5	573
52000	6	564
52000	7	565
52000	8	563
52000	9	577
56000	0	590
56000	1	590
56000	2	582
56000	3	593
56000	4	591
56000	5	568
56000	6	571
56000	7	598
56000	8	586
56000	9	579
60000	0	607
60000	1	581
60000	2	599
60000	3	588
60000	4	581
60000	5	606
60000	6	577
60000	7	589
60000	8	615
60000	9	588
64000	0	610
64000	1	614
64000	2	582
64000	3	603
64000	4	601
64000	5	625
64000	6	621
64000	7	600
64000	8	597
64000	9	603
68000	0	615
68000	1	629
68000	2	613
68000	3	609
68000	4	615
68000	5	619
68000	6	624
68000	7	605
68000	8	634
68000	9	632
72000	0	620
72000	1	636
72000	2	652
72000	3	635
72000	4	640
72000	5	620
72000	6	629
72000	7	629
72000	8	662
72000	9	636
76000	0	642
76000	1	641
76000	2	632
76000	3	654
76000	4	646
76000	5	648
76000	6	663
76000	7	643
76000	8	627
76000	9	648
80000	0	651
80000	1	627
80000	2	667
80000	3	684
80000	4	669
80000	5	638
80000	6	649
80000	7	639
80000	8	679
80000	9	652
84000	0	663
84000	1	682
84000	2	672
84000	3	665
84000	4	659
84000	5	687
84000	6	675
84000	7	668
84000	8	673
84000	9	676
88000	0	688
88000	1	656
88000	2	675
88000	3	683
88000	4	701
88000	5	659
88000	6	669
88000	7	667
88000	8	670
88000	9	668
92000	0	681
92000	1	716
92000	2	673
92000	3	703
92000	4	687
92000	5	670
92000	6	686
92000	7	702
92000	8	681
92000	9	675
96000	0	719
96000	1	703
96000	2	706
96000	3	676
96000	4	708
96000	5	698
96000	6	704
96000	7	690
96000	8	698
96000	9	689
100000	0	693
100000	1	712
100000	2	694
100000	3	711
100000	4	700
100000	5	714
100000	6	733
100000	7	722
100000	8	706
100000	9	720
104000	0	697
104000	1	724
104000	2	718
104000	3	711
104000	4	703
104000	5	721
104000	6	722
104000	7	723
104000	8	702
104000	9	707
108000	0	713
108000	1	724
108000	2	723
108000	3	719
108000	4	726
108000	5	703
108000	6	750
108000	7	720
108000	8	734
108000	9	719
112000	0	728
112000	1	745
112000	2	711
112000	3	738
112000	4	768
112000	5	753
112000	6	744
112000	7	771
112000	8	724
112000	9	732
116000	0	757
116000	1	750
116000	2	745
116000	3	734
116000	4	741
116000	5	758
116000	6	743
116000	7	756
116000	8	751
116000	9	752
120000	0	751
120000	1	757
120000	2	752
120000	3	780
120000	4	789
120000	5	775
120000	6	767
120000	7	764
120000	8	744
120000	9	744
124000	0	764
124000	1	757
124000	2	755
124000	3	758
124000	4	789
124000	5	797
124000	6	773
124000	7	760
124000	8	763
124000	9	765
128000	0	799
128000	1	781
128000	2	776
128000	3	792
128000	4	768
128000	5	798
128000	6	779
128000	7	762
128000	8	798
128000	9	738
132000	0	783
132000	1	760
132000	2	793
132000	3	782
132000	4	796
132000	5	771
132000	6	792
132000	7	789
132000	8	800
132000	9	794
136000	0	822
136000	1	796
136000	2	805
136000	3	784
136000	4	800
136000	5	804
136000	6	797
136000	7	793
136000	8	810
136000	9	811
140000	0	810
140000	1	811
140000	2	816
140000	3	789
140000	4	807
140000	5	784
140000	6	795
140000	7	814
140000	8	820
140000	9	800
144000	0	849
144000	1	804
144000	2	798
144000	3	807
144000	4	822
144000	5	802
144000	6	799
144000	7	823
144000	8	819
144000	9	809
148000	0	821
148000	1	814
148000	2	827
148000	3	832
148000	4	796
148000	5	828
148000	6	816
148000	7	813
148000	8	824
148000	9	822
152000	0	837
152000	1	854
152000	2	839
152000	3	827
152000	4	820
152000	5	822
152000	6	841
152000	7	834
152000	8	832
152000	9	811
156000	0	838
156000	1	843
156000	2	845
156000	3	854
156000	4	839
156000	5	846
156000	6	834
156000	7	845
156000	8	834
156000	9	845
160000	0	859
160000	1	845
160000	2	861
160000	3	841
160000	4	850
160000	5	841
160000	6	843
160000	7	846
160000	8	858
160000	9	823
164000	0	855
164000	1	868
164000	2	850
164000	3	881
164000	4	841
164000	5	851
164000	6	851
164000	7	875
164000	8	838
164000	9	869
168000	0	851
168000	1	851
168000	2	893
168000	3	875
168000	4	874
168000	5	862
168000	6	863
168000	7	846
168000	8	871
168000	9	861
172000	0	883
172000	1	852
172000	2	874
172000	3	864
172000	4	870
172000	5	864
172000	6	881
172000	7	853
172000	8	838
172000	9	860
176000	0	879
176000	1	899
176000	2	882
176000	3	865
176000	4	855
176000	5	906
176000	6	880
176000	7	891
176000	8	868
176000	9	880
180000	0	860
180000	1	877
180000	2	867
180000	3	859
180000	4	881
180000	5	885
180000	6	892
180000	7	885
180000	8	885
180000	9	902
184000	0	893
184000	1	889
184000	2	882
184000	3	892
184000	4	879
184000	5	899
184000	6	886
184000	7	906
184000	8	891
184000	9	904
188000	0	889
188000	1	902
188000	2	891
188000	3	921
188000	4	862
188000	5	913
188000	6	902
188000	7	884
188000	8	900
188000	9	933
192000	0	907
192000	1	910
192000	2	912
192000	3	896
192000	4	903
192000	5	891
192000	6	876
192000	7	911
192000	8	888
192000	9	916
196000	0	913
196000	1	905
196000	2	913
196000	3	927
196000	4	927
196000	5	931
196000	6	927
196000	7	898
196000	8	897
196000	9	903
200000	0	935
200000	1	920
200000	2	932
200000	3	920
200000	4	920
200000	5	917
200000	6	942
200000	7	921
200000	8	914
200000	9	915
204000	0	923
204000	1	921
204000	2	928
204000	3	935
204000	4	937
204000	5	909
204000	6	921
204000	7	925
204000	8	929
204000	9	941
208000	0	935
208000	1	953
208000	2	918
208000	3	953
208000	4	930
208000	5	929
208000	6	926
208000	7	921
208000	8	943
208000	9	919
212000	0	942
212000	1	934
212000	2	941
212000	3	944
212000	4	931
212000	5	956
212000	6	970
212000	7	946
212000	8	951
212000	9	950
216000	0	952
216000	1	934
216000	2	960
216000	3	939
216000	4	940
216000	5	935
216000	6	950
216000	7	946
216000	8	941
216000	9	934
220000	0	957
220000	1	964
220000	2	963
220000	3	962
220000	4	970
220000	5	955
220000	6	947
220000	7	943
220000	8	947
220000	9	933
224000	0	953
224000	1	957
224000	2	955
224000	3	976
224000	4	954
224000	5	950
224000	6	980
224000	7	963
224000	8	955
224000	9	952
228000	0	971
228000	1	986
228000	2	968
228000	3	956
228000	4	985
228000	5	992
228000	6	983
228000	7	980
228000	8	982
228000	9	986
232000	0	964
232000	1	965
232000	2	978
232000	3	990
232000	4	990
232000	5	971
232000	6	980
232000	7	989
232000	8	966
232000	9	996
236000	0	965
236000	1	985
236000	2	980
236000	3	970
236000	4	992
236000	5	954
236000	6	975
236000	7	979
236000	8	983
236000	9	961
240000	0	997
240000	1	978
240000	2	1000
240000	3	1001
240000	4	989
240000	5	986
240000	6	993
240000	7	978
240000	8	1003
240000	9	986
244000	0	992
244000	1	1006
244000	2	967
244000	3	983
244000	4	1002
244000	5	1002
244000	6	1006
244000	7	1013
244000	8	1018
244000	9	1000
248000	0	1011
248000	1	991
248000	2	988
248000	3	1009
248000	4	1005
248000	5	997
248000	6	996
248000	7	1005
248000	8	1002
248000	9	993
252000	0	1026
252000	1	1001
252000	2	1017
252000	3	1001
252000	4	1008
252000	5	1006
252000	6	1002
252000	7	996
252000	8	1025
252000	9	996
256000	0	1018
256000	1	1015
256000	2	1011
256000	3	999
256000	4	1005
256000	5	1011
256000	6	1007
256000	7	1014
256000	8	1008
256000	9	1020
260000	0	1031
260000	1	1019
260000	2	1019
260000	3	1021
260000	4	1013
260000	5	1014
260000	6	1025
260000	7	1022
260000	8	1004
260000	9	1014
264000	0	1020
264000	1	1028
264000	2	1041
264000	3	1034
264000	4	1031
264000	5	1018
264000	6	1016
264000	7	1033
264000	8	1004
264000	9	1003
268000	0	1052
268000	1	1053
268000	2	1011
268000	3	1019
268000	4	1017
268000	5	1020
268000	6	1029
268000	7	1029
268000	8	1023
268000	9	1032
272000	0	1044
272000	1	1032
272000	2	1015
272000	3	1026
272000	4	1051
272000	5	1047
272000	6	1056
272000	7	1028
272000	8	1041
272000	9	1044
276000	0	1028
276000	1	1050
276000	2	1037
276000	3	1037
276000	4	1024
276000	5	1045
276000	6	1022
276000	7	1059
276000	8	1048
276000	9	1045
280000	0	1038
280000	1	1032
280000	2	1062
280000	3	1040
280000	4	1052
280000	5	1041
280000	6	1047
280000	7	1057
280000	8	1067
280000	9	1049
284000	0	1068
284000	1	1069
284000	2	1067
284000	3	1060
284000	4	1045
284000	5	1043
284000	6	1082
284000	7	1074
284000	8	1069
284000	9	1052
288000	0	1075
288000	1	1071
288000	2	1069
288000	3	1055
288000	4	1052
288000	5	1058
288000	6	1035
288000	7	1067
288000	8	1069
288000	9	1066
292000	0	1061
292000	1	1078
292000	2	1060
292000	3	1077
292000	4	1087
292000	5	1064
292000	6	1077
292000	7	1055
292000	8	1070
292000	9	1055
296000	0	1075
296000	1	1071
296000	2	1057
296000	3	1099
296000	4	1068
296000	5	1064
296000	6	1062
296000	7	1068
296000	8	1081
296000	9	1086
300000	0	1080
300000	1	1084
300000	2	1078
300000	3	1082
300000	4	1078
300000	5	1083
300000	6	1109
300000	7	1074
300000	8	1067
300000	9	1078
304000	0	1094
304000	1	1071
304000	2	1073
304000	3	1070
304000	4	1090
304000	5	1078
304000	6	1090
304000	7	1082
304000	8	1080
304000	9	1072
308000	0	1107
308000	1	1098
308000	2	1072
308000	3	1098
308000	4	1077
308000	5	1096
308000	6	1094
308000	7	1089
308000	8	1098
308000	9	1095
312000	0	1089
312000	1	1095
312000	2	1087
312000	3	1097
312000	4	1091
312000	5	1078
312000	6	1087
312000	7	1096
312000	8	1105
312000	9	1094
316000	0	1114
316000	1	1113
316000	2	1104
316000	3	1102
316000	4	1106
316000	5	1108
316000	6	1090
316000	7	1086
316000	8	1100
316000	9	1102
320000	0	1093
320000	1	1108
320000	2	1106
320000	3	1122
320000	4	1126
320000	5	1111
320000	6	1112
320000	7	1118
320000	8	1127
320000	9	1107
324000	0	1136
324000	1	1108
324000	2	1107
324000	3	1092
324000	4	1122
324000	5	1136
324000	6	1121
324000	7	1119
324000	8	1126
324000	9	1100
328000	0	1117
328000	1	1128
328000	2	1125
328000	3	1112
328000	4	1100
328000	5	1102
328000	6	1114
328000	7	1111
328000	8	1111
328000	9	1124
332000	0	1138
332000	1	1123
332000	2	1130
332000	3	1115
332000	4	1140
332000	5	1141
332000	6	1142
332000	7	1115
332000	8	1103
332000	9	1107
336000	0	1148
336000	1	1128
336000	2	1131
336000	3	1135
336000	4	1128
336000	5	1124
336000	6	1124
336000	7	1118
336000	8	1130
336000	9	1130
340000	0	1133
340000	1	1124
340000	2	1139
340000	3	1116
340000	4	1125
340000	5	1144
340000	6	1126
340000	7	1155
340000	8	1144
340000	9	1143
344000	0	1139
344000	1	1133
344000	2	1132
344000	3	1129
344000	4	1127
344000	5	1130
344000	6	1146
344000	7	1150
344000	8	1153
344000	9	1130
348000	0	1147
348000	1	1125
348000	2	1144
348000	3	1151
348000	4	1142
348000	5	1153
348000	6	1128
348000	7	1153
348000	8	1147
348000	9	1151
352000	0	1153
352000	1	1141
352000	2	1143
352000	3	1143
352000	4	1152
352000	5	1151
352000	6	1154
352000	7	1131
352000	8	1150
352000	9	1142
356000	0	1168
356000	1	1164
356000	2	1142
356000	3	1150
356000	4	1158
356000	5	1166
356000	6	1152
356000	7	1167
356000	8	1164
356000	9	1162
360000	0	1150
360000	1	1154
360000	2	1155
360000	3	1163
360000	4	1150
360000	5	1159
360000	6	1146
360000	7	1164
360000	8	1166
360000	9	1167
364000	0	1166
364000	1	1160
364000	2	1148
364000	3	1162
364000	4	1179
364000	5	1175
364000	6	1164
364000	7	1164
364000	8	1152
364000	9	1161
368000	0	1165
368000	1	1180
368000	2	1177
368000	3	1181
368000	4	1164
368000	5	1180
368000	6	1158
368000	7	1164
368000	8	1172
368000	9	1175
372000	0	1172
372000	1	1183
372000	2	1171
372000	3	1177
372000	4	1183
372000	5	1176
372000	6	1169
372000	7	1184
372000	8	1190
372000	9	1185
376000	0	1188
376000	1	1191
376000	2	1175
376000	3	1183
376000	4	1182
376000	5	1182
376000	6	1182
376000	7	1187
376000	8	1178
376000	9	1193
380000	0	1193
380000	1	1200
380000	2	1190
380000	3	1185
380000	4	1189
380000	5	1183
380000	6	1184
380000	7	1184
380000	8	1176
380000	9	1185
384000	0	1200
384000	1	1198
384000	2	1186
384000	3	1191
384000	4	1198
384000	5	1202
384000	6	1194
384000	7	1196
384000	8	1192
384000	9	1197
388000	0	1194
388000	1	1196
388000	2	1200
388000	3	1201
388000	4	1201
388000	5	1185
388000	6	1212
388000	7	1187
388000	8	1195
388000	9	1208
392000	0	1206
392000	1	1203
392000	2	1194
392000	3	1189
392000	4	1190
392000	5	1197
392000	6	1204
392000	7	1206
392000	8	1193
392000	9	1207
396000	0	1217
396000	1	1203
396000	2	1208
396000	3	1206
396000	4	1214
396000	5	1199
396000	6	1200
396000	7	1217
396000	8	1201
396000	9	1207
400000	0	1214
400000	1	1207
400000	2	1212
400000	3	1206
400000	4	1216
400000	5	1216
400000	6	1210
400000	7	1209
400000	8	1210
400000	9	1208
404000	0	1216
404000	1	1230
404000	2	1227
404000	3	1208
404000	4	1213
404000	5	1213
404000	6	1218
404000	7	1223
404000	8	1211
404000	9	1215
408000	0	1217
408000	1	1228
408000	2	1220
408000	3	1226
408000	4	1215
408000	5	1217
408000	6	1218
408000	7	1209
408000	8	1223
408000	9	1214
412000	0	1231
412000	1	1220
412000	2	1223
412000	3	1228
412000	4	1225
412000	5	1227
412000	6	1231
412000	7	1229
412000	8	1226
412000	9	1227
416000	0	1232
416000	1	1231
416000	2	1232
416000	3	1234
416000	4	1236
416000	5	1226
416000	6	1231
416000	7	1230
416000	8	1232
416000	9	1226
420000	0	1239
420000	1	1238
420000	2	1237
420000	3	1234
420000	4	1228
420000	5	1235
420000	6	1243
420000	7	1241
420000	8	1237
420000	9	1234
424000	0	1243
424000	1	1241
424000	2	1242
424000	3	1241
424000	4	1244
424000	5	1241
424000	6	1239
424000	7	1236
424000	8	1236
424000	9	1243
428000	0	1246
428000	1	1245
428000	2	1247
428000	3	1243
428000	4	1246
428000	5	1246
428000	6	1245
428000	7	1243
428000	8	1248
428000	9	1247
