sample_size	sample_times	vcs
0	0	0
0	1	0
0	2	0
0	3	0
0	4	0
0	5	0
0	6	0
0	7	0
0	8	0
0	9	0
4000	0	779
4000	1	790
4000	2	774
4000	3	770
4000	4	785
4000	5	800
4000	6	798
4000	7	732
4000	8	788
4000	9	774
8000	0	1156
8000	1	1151
8000	2	1146
8000	3	1193
8000	4	1162
8000	5	1180
8000	6	1150
8000	7	1125
8000	8	1161
8000	9	1144
12000	0	1474
12000	1	1467
12000	2	1461
12000	3	1458
12000	4	1471
12000	5	1481
12000	6	1473
12000	7	1448
12000	8	1528
12000	9	1446
16000	0	1758
16000	1	1747
16000	2	1680
16000	3	1728
16000	4	1771
16000	5	1775
16000	6	1679
16000	7	1709
16000	8	1720
16000	9	1725
20000	0	1925
20000	1	1939
20000	2	1930
20000	3	1984
20000	4	1938
20000	5	1951
20000	6	1937
20000	7	1971
20000	8	1927
20000	9	1970
24000	0	2158
24000	1	2148
24000	2	2173
24000	3	2105
24000	4	2169
24000	5	2174
24000	6	2122
24000	7	2155
24000	8	2180
24000	9	2115
28000	0	2334
28000	1	2327
28000	2	2329
28000	3	2301
28000	4	2312
28000	5	2350
28000	6	2350
28000	7	2394
28000	8	2291
28000	9	2336
32000	0	2468
32000	1	2510
32000	2	2437
32000	3	2474
32000	4	2494
32000	5	2446
32000	6	2511
32000	7	2502
32000	8	2494
32000	9	2531
36000	0	2716
36000	1	2657
36000	2	2643
36000	3	2656
36000	4	2627
36000	5	2655
36000	6	2668
36000	7	2651
36000	8	2691
36000	9	2654
40000	0	2790
40000	1	2854
40000	2	2780
40000	3	2820
40000	4	2802
40000	5	2853
40000	6	2827
40000	7	2870
40000	8	2800
40000	9	2771
44000	0	2953
44000	1	2971
44000	2	2948
44000	3	2950
44000	4	2976
44000	5	2970
44000	6	2901
44000	7	2940
44000	8	2955
44000	9	2917
48000	0	3077
48000	1	3086
48000	2	3068
48000	3	3094
48000	4	3035
48000	5	3033
48000	6	3083
48000	7	3089
48000	8	3115
48000	9	3090
52000	0	3251
52000	1	3180
52000	2	3207
52000	3	3177
52000	4	3203
52000	5	3188
52000	6	3225
52000	7	3140
52000	8	3169
52000	9	3157
56000	0	3306
56000	1	3389
56000	2	3354
56000	3	3289
56000	4	3308
56000	5	3327
56000	6	3278
56000	7	3317
56000	8	3418
56000	9	3323
60000	0	3405
60000	1	3406
60000	2	3414
60000	3	3449
60000	4	3461
60000	5	3387
60000	6	3451
60000	7	3385
60000	8	3491
60000	9	3354
64000	0	3609
64000	1	3558
64000	2	3552
64000	3	3510
64000	4	3493
64000	5	3528
64000	6	3511
64000	7	3539
64000	8	3527
64000	9	3499
68000	0	3667
68000	1	3626
68000	2	3611
68000	3	3615
68000	4	3631
68000	5	3645
68000	6	3632
68000	7	3642
68000	8	3676
68000	9	3610
72000	0	3678
72000	1	3766
72000	2	3741
72000	3	3769
72000	4	3746
72000	5	3722
72000	6	3713
72000	7	3758
72000	8	3767
72000	9	3732
76000	0	3893
76000	1	3822
76000	2	3792
76000	3	3832
76000	4	3808
76000	5	3877
76000	6	3804
76000	7	3825
76000	8	3803
76000	9	3804
80000	0	3928
80000	1	3983
80000	2	3866
80000	3	4001
80000	4	3896
80000	5	3999
80000	6	3938
80000	7	3949
80000	8	3882
80000	9	3901
84000	0	4030
84000	1	4034
84000	2	4064
84000	3	4005
84000	4	3977
84000	5	4029
84000	6	3997
84000	7	4029
84000	8	4060
84000	9	4049
88000	0	4060
88000	1	4189
88000	2	4132
88000	3	4126
88000	4	4069
88000	5	4104
88000	6	4089
88000	7	4082
88000	8	4056
88000	9	4069
92000	0	4136
92000	1	4191
92000	2	4158
92000	3	4169
92000	4	4215
92000	5	4238
92000	6	4159
92000	7	4154
92000	8	4204
92000	9	4182
96000	0	4228
96000	1	4283
96000	2	4281
96000	3	4274
96000	4	4253
96000	5	4313
96000	6	4328
96000	7	4249
96000	8	4321
96000	9	4269
100000	0	4356
100000	1	4407
100000	2	4325
100000	3	4365
100000	4	4315
100000	5	4316
100000	6	4423
100000	7	4375
100000	8	4379
100000	9	4346
104000	0	4461
104000	1	4425
104000	2	4401
104000	3	4406
104000	4	4427
104000	5	4424
104000	6	4362
104000	7	4445
104000	8	4374
104000	9	4413
108000	0	4524
108000	1	4482
108000	2	4491
108000	3	4532
108000	4	4458
108000	5	4503
108000	6	4501
108000	7	4517
108000	8	4585
108000	9	4531
112000	0	4537
112000	1	4567
112000	2	4530
112000	3	4490
112000	4	4553
112000	5	4531
112000	6	4595
112000	7	4601
112000	8	4576
112000	9	4579
116000	0	4639
116000	1	4644
116000	2	4719
116000	3	4649
116000	4	4646
116000	5	4651
116000	6	4683
116000	7	4675
116000	8	4637
116000	9	4676
120000	0	4716
120000	1	4741
120000	2	4654
120000	3	4685
120000	4	4707
120000	5	4685
120000	6	4754
120000	7	4724
120000	8	4749
120000	9	4762
124000	0	4793
124000	1	4787
124000	2	4797
124000	3	4701
124000	4	4782
124000	5	4768
124000	6	4755
124000	7	4755
124000	8	4696
124000	9	4810
128000	0	4826
128000	1	4833
128000	2	4901
128000	3	4861
128000	4	4880
128000	5	4863
128000	6	4831
128000	7	4882
128000	8	4866
128000	9	4855
132000	0	4917
132000	1	4906
132000	2	4971
132000	3	4916
132000	4	5006
132000	5	4946
132000	6	4907
132000	7	4894
132000	8	4975
132000	9	4949
136000	0	5023
136000	1	4924
136000	2	4984
136000	3	5039
136000	4	4981
136000	5	4941
136000	6	4965
136000	7	4979
136000	8	4953
136000	9	5002
140000	0	5078
140000	1	5000
140000	2	5065
140000	3	4992
140000	4	5044
140000	5	5045
140000	6	5087
140000	7	5047
140000	8	5023
140000	9	5040
144000	0	5062
144000	1	5120
144000	2	5078
144000	3	5110
144000	4	5158
144000	5	5145
144000	6	5149
144000	7	5122
144000	8	5088
144000	9	5115
148000	0	5137
148000	1	5114
148000	2	5233
148000	3	5185
148000	4	5168
148000	5	5188
148000	6	5159
148000	7	5227
148000	8	5187
148000	9	5158
152000	0	5137
152000	1	5255
152000	2	5222
152000	3	5208
152000	4	5262
152000	5	5225
152000	6	5246
152000	7	5199
152000	8	5248
152000	9	5260
156000	0	5318
156000	1	5319
156000	2	5272
156000	3	5328
156000	4	5239
156000	5	5297
156000	6	5260
156000	7	5308
156000	8	5306
156000	9	5290
160000	0	5414
160000	1	5352
160000	2	5384
160000	3	5373
160000	4	5354
160000	5	5391
160000	6	5361
160000	7	5341
160000	8	5366
160000	9	5316
164000	0	5425
164000	1	5457
164000	2	5428
164000	3	5371
164000	4	5439
164000	5	5408
164000	6	5434
164000	7	5312
164000	8	5389
164000	9	5424
168000	0	5479
168000	1	5467
168000	2	5410
168000	3	5467
168000	4	5489
168000	5	5564
168000	6	5469
168000	7	5427
168000	8	5455
168000	9	5432
172000	0	5551
172000	1	5559
172000	2	5514
172000	3	5489
172000	4	5522
172000	5	5540
172000	6	5504
172000	7	5508
172000	8	5536
172000	9	5528
176000	0	5591
176000	1	5608
176000	2	5605
176000	3	5597
176000	4	5581
176000	5	5539
176000	6	5569
176000	7	5560
176000	8	5602
176000	9	5624
180000	0	5608
180000	1	5611
180000	2	5636
180000	3	5682
180000	4	5586
180000	5	5569
180000	6	5673
180000	7	5545
180000	8	5606
180000	9	5605
184000	0	5657
184000	1	5701
184000	2	5678
184000	3	5675
184000	4	5649
184000	5	5680
184000	6	5662
184000	7	5713
184000	8	5637
184000	9	5683
188000	0	5746
188000	1	5722
188000	2	5663
188000	3	5720
188000	4	5743
188000	5	5684
188000	6	5780
188000	7	5757
188000	8	5801
188000	9	5750
192000	0	5724
192000	1	5737
192000	2	5761
192000	3	5805
192000	4	5812
192000	5	5761
192000	6	5767
192000	7	5731
192000	8	5799
192000	9	5823
196000	0	5835
196000	1	5831
196000	2	5813
196000	3	5786
196000	4	5831
196000	5	5864
196000	6	5854
196000	7	5874
196000	8	5830
196000	9	5870
200000	0	5879
200000	1	5923
200000	2	5839
200000	3	5919
200000	4	5857
200000	5	5913
200000	6	5845
200000	7	5913
200000	8	5848
200000	9	5900
204000	0	5909
204000	1	5898
204000	2	5934
204000	3	5886
204000	4	5955
204000	5	5952
204000	6	5969
204000	7	5905
204000	8	5892
204000	9	5886
208000	0	5925
208000	1	5982
208000	2	6010
208000	3	6033
208000	4	6031
208000	5	5958
208000	6	5953
208000	7	5965
208000	8	5950
208000	9	6014
212000	0	5966
212000	1	6015
212000	2	6043
212000	3	6028
212000	4	5987
212000	5	5999
212000	6	5979
212000	7	5953
212000	8	5987
212000	9	6028
216000	0	6087
216000	1	6046
216000	2	6082
216000	3	6068
216000	4	6060
216000	5	6045
216000	6	6082
216000	7	6045
216000	8	6067
216000	9	6101
220000	0	6122
220000	1	6080
220000	2	6133
220000	3	6165
220000	4	6113
220000	5	6126
220000	6	6087
220000	7	6076
220000	8	6138
220000	9	6092
224000	0	6131
224000	1	6148
224000	2	6145
224000	3	6149
224000	4	6146
224000	5	6171
224000	6	6161
224000	7	6159
224000	8	6184
224000	9	6177
228000	0	6195
228000	1	6215
228000	2	6118
228000	3	6195
228000	4	6126
228000	5	6203
228000	6	6167
228000	7	6182
228000	8	6207
228000	9	6175
232000	0	6214
232000	1	6228
232000	2	6278
232000	3	6282
232000	4	6279
232000	5	6241
232000	6	6207
232000	7	6255
232000	8	6218
232000	9	6244
236000	0	6240
236000	1	6291
236000	2	6273
236000	3	6258
236000	4	6276
236000	5	6265
236000	6	6225
236000	7	6266
236000	8	6286
236000	9	6344
240000	0	6291
240000	1	6335
240000	2	6309
240000	3	6327
240000	4	6374
240000	5	6338
240000	6	6308
240000	7	6320
240000	8	6328
240000	9	6342
244000	0	6362
244000	1	6351
244000	2	6368
244000	3	6383
244000	4	6418
244000	5	6378
244000	6	6370
244000	7	6376
244000	8	6326
244000	9	6303
248000	0	6387
248000	1	6437
248000	2	6381
248000	3	6405
248000	4	6421
248000	5	6446
248000	6	6434
248000	7	6423
248000	8	6442
248000	9	6414
252000	0	6424
252000	1	6451
252000	2	6467
252000	3	6478
252000	4	6484
252000	5	6435
252000	6	6451
252000	7	6447
252000	8	6380
252000	9	6445
256000	0	6500
256000	1	6514
256000	2	6537
256000	3	6477
256000	4	6476
256000	5	6546
256000	6	6497
256000	7	6494
256000	8	6516
256000	9	6530
260000	0	6515
260000	1	6525
260000	2	6550
260000	3	6547
260000	4	6513
260000	5	6566
260000	6	6522
260000	7	6618
260000	8	6536
260000	9	6576
264000	0	6540
264000	1	6561
264000	2	6588
264000	3	6551
264000	4	6560
264000	5	6580
264000	6	6600
264000	7	6580
264000	8	6581
264000	9	6563
268000	0	6614
268000	1	6622
268000	2	6587
268000	3	6598
268000	4	6611
268000	5	6605
268000	6	6657
268000	7	6636
268000	8	6640
268000	9	6636
272000	0	6655
272000	1	6671
272000	2	6624
272000	3	6648
272000	4	6695
272000	5	6649
272000	6	6703
272000	7	6668
272000	8	6650
272000	9	6627
276000	0	6682
276000	1	6645
276000	2	6701
276000	3	6631
276000	4	6720
276000	5	6730
276000	6	6727
276000	7	6695
276000	8	6709
276000	9	6670
280000	0	6711
280000	1	6682
280000	2	6710
280000	3	6753
280000	4	6770
280000	5	6740
280000	6	6741
280000	7	6718
280000	8	6775
280000	9	6746
284000	0	6804
284000	1	6823
284000	2	6815
284000	3	6809
284000	4	6798
284000	5	6742
284000	6	6785
284000	7	6737
284000	8	6750
284000	9	6809
288000	0	6827
288000	1	6865
288000	2	6820
288000	3	6852
288000	4	6805
288000	5	6805
288000	6	6833
288000	7	6793
288000	8	6802
288000	9	6813
292000	0	6844
292000	1	6875
292000	2	6829
292000	3	6798
292000	4	6864
292000	5	6793
292000	6	6848
292000	7	6858
292000	8	6809
292000	9	6824
296000	0	6860
296000	1	6875
296000	2	6875
296000	3	6896
296000	4	6889
296000	5	6896
296000	6	6934
296000	7	6857
296000	8	6858
296000	9	6903
300000	0	6906
300000	1	6894
300000	2	6934
300000	3	6949
300000	4	6883
300000	5	6889
300000	6	6906
300000	7	6898
300000	8	6879
300000	9	6887
304000	0	6963
304000	1	6935
304000	2	6976
304000	3	6980
304000	4	7008
304000	5	6965
304000	6	6939
304000	7	6944
304000	8	6966
304000	9	6969
308000	0	6996
308000	1	6965
308000	2	7004
308000	3	6999
308000	4	6974
308000	5	6944
308000	6	6973
308000	7	6964
308000	8	6956
308000	9	6994
312000	0	7021
312000	1	7054
312000	2	7057
312000	3	7023
312000	4	7014
312000	5	6997
312000	6	7015
312000	7	7002
312000	8	7016
312000	9	7039
316000	0	7033
316000	1	7114
316000	2	7088
316000	3	7098
316000	4	7002
316000	5	7047
316000	6	7064
316000	7	7047
316000	8	7089
316000	9	7103
320000	0	7103
320000	1	7083
320000	2	7102
320000	3	7057
320000	4	7087
320000	5	7116
320000	6	7094
320000	7	7080
320000	8	7134
320000	9	7113
324000	0	7147
324000	1	7118
324000	2	7170
324000	3	7153
324000	4	7127
324000	5	7121
324000	6	7142
324000	7	7125
324000	8	7165
324000	9	7156
328000	0	7140
328000	1	7154
328000	2	7187
328000	3	7123
328000	4	7139
328000	5	7168
328000	6	7187
328000	7	7186
328000	8	7208
328000	9	7168
332000	0	7233
332000	1	7201
332000	2	7227
332000	3	7223
332000	4	7194
332000	5	7204
332000	6	7203
332000	7	7226
332000	8	7248
332000	9	7174
336000	0	7229
336000	1	7249
336000	2	7257
336000	3	7247
336000	4	7244
336000	5	7253
336000	6	7218
336000	7	7215
336000	8	7235
336000	9	7199
340000	0	7220
340000	1	7284
340000	2	7224
340000	3	7277
340000	4	7287
340000	5	7302
340000	6	7287
340000	7	7254
340000	8	7276
340000	9	7256
344000	0	7266
344000	1	7321
344000	2	7293
344000	3	7314
344000	4	7285
344000	5	7322
344000	6	7272
344000	7	7252
344000	8	7272
344000	9	7299
348000	0	7377
348000	1	7354
348000	2	7341
348000	3	7299
348000	4	7370
348000	5	7351
348000	6	7332
348000	7	7373
348000	8	7387
348000	9	7336
352000	0	7394
352000	1	7340
352000	2	7354
352000	3	7394
352000	4	7375
352000	5	7425
352000	6	7384
352000	7	7329
352000	8	7373
352000	9	7381
356000	0	7401
356000	1	7386
356000	2	7396
356000	3	7392
356000	4	7410
356000	5	7422
356000	6	7407
356000	7	7370
356000	8	7429
356000	9	7390
360000	0	7429
360000	1	7436
360000	2	7464
360000	3	7432
360000	4	7435
360000	5	7470
360000	6	7444
360000	7	7434
360000	8	7432
360000	9	7450
364000	0	7484
364000	1	7479
364000	2	7431
364000	3	7456
364000	4	7489
364000	5	7462
364000	6	7466
364000	7	7496
364000	8	7459
364000	9	7495
368000	0	7502
368000	1	7447
368000	2	7460
368000	3	7507
368000	4	7482
368000	5	7421
368000	6	7510
368000	7	7521
368000	8	7484
368000	9	7499
372000	0	7497
372000	1	7502
372000	2	7534
372000	3	7522
372000	4	7519
372000	5	7531
372000	6	7545
372000	7	7518
372000	8	7521
372000	9	7529
376000	0	7561
376000	1	7587
376000	2	7564
376000	3	7558
376000	4	7563
376000	5	7551
376000	6	7576
376000	7	7541
376000	8	7596
376000	9	7555
380000	0	7606
380000	1	7534
380000	2	7559
380000	3	7592
380000	4	7628
380000	5	7600
380000	6	7590
380000	7	7574
380000	8	7591
380000	9	7594
384000	0	7625
384000	1	7613
384000	2	7643
384000	3	7621
384000	4	7606
384000	5	7613
384000	6	7629
384000	7	7627
384000	8	7616
384000	9	7620
388000	0	7637
388000	1	7673
388000	2	7634
388000	3	7648
388000	4	7662
388000	5	7646
388000	6	7641
388000	7	7618
388000	8	7641
388000	9	7662
392000	0	7705
392000	1	7668
392000	2	7703
392000	3	7646
392000	4	7650
392000	5	7676
392000	6	7689
392000	7	7683
392000	8	7685
392000	9	7702
396000	0	7720
396000	1	7724
396000	2	7726
396000	3	7686
396000	4	7730
396000	5	7717
396000	6	7730
396000	7	7724
396000	8	7698
396000	9	7715
400000	0	7723
400000	1	7744
400000	2	7747
400000	3	7727
400000	4	7738
400000	5	7758
400000	6	7747
400000	7	7754
400000	8	7772
400000	9	7760
404000	0	7750
404000	1	7775
404000	2	7767
404000	3	7778
404000	4	7791
404000	5	7765
404000	6	7752
404000	7	7790
404000	8	7791
404000	9	7769
408000	0	7813
408000	1	7783
408000	2	7809
408000	3	7799
408000	4	7802
408000	5	7788
408000	6	7813
408000	7	7806
408000	8	7808
408000	9	7804
412000	0	7840
412000	1	7829
412000	2	7827
412000	3	7836
412000	4	7823
412000	5	7816
412000	6	7815
412000	7	7845
412000	8	7805
412000	9	7815
416000	0	7865
416000	1	7865
416000	2	7866
416000	3	7871
416000	4	7859
416000	5	7869
416000	6	7864
416000	7	7858
416000	8	7859
416000	9	7849
420000	0	7889
420000	1	7888
420000	2	7883
420000	3	7897
420000	4	7900
420000	5	7901
420000	6	7893
420000	7	7885
420000	8	7875
420000	9	7888
424000	0	7914
424000	1	7913
424000	2	7912
424000	3	7921
424000	4	7917
424000	5	7917
424000	6	7914
424000	7	7916
424000	8	7920
424000	9	7922
428000	0	7946
428000	1	7950
428000	2	7956
428000	3	7945
428000	4	7951
428000	5	7953
428000	6	7946
428000	7	7948
428000	8	7941
428000	9	7943
