sample_size	sample_times	vcs
0	0	0
0	1	0
0	2	0
0	3	0
0	4	0
0	5	0
0	6	0
0	7	0
0	8	0
0	9	0
4000	0	2838
4000	1	2783
4000	2	2698
4000	3	2763
4000	4	2781
4000	5	2749
4000	6	2817
4000	7	2780
4000	8	2830
4000	9	2772
8000	0	4980
8000	1	4975
8000	2	4942
8000	3	4922
8000	4	5013
8000	5	4917
8000	6	4919
8000	7	4940
8000	8	4968
8000	9	4986
12000	0	6985
12000	1	6939
12000	2	6951
12000	3	6874
12000	4	6974
12000	5	6904
12000	6	6938
12000	7	6914
12000	8	6993
12000	9	6918
16000	0	8923
16000	1	8748
16000	2	8729
16000	3	8804
16000	4	8793
16000	5	8694
16000	6	8810
16000	7	8684
16000	8	8707
16000	9	8732
20000	0	10465
20000	1	10438
20000	2	10453
20000	3	10490
20000	4	10588
20000	5	10314
20000	6	10583
20000	7	10548
20000	8	10497
20000	9	10505
24000	0	12114
24000	1	12219
24000	2	12118
24000	3	12089
24000	4	12166
24000	5	12221
24000	6	12113
24000	7	12171
24000	8	12155
24000	9	12133
28000	0	13763
28000	1	13592
28000	2	13768
28000	3	13862
28000	4	13768
28000	5	13684
28000	6	13764
28000	7	13709
28000	8	13663
28000	9	13690
32000	0	15254
32000	1	15260
32000	2	15303
32000	3	15125
32000	4	15333
32000	5	15237
32000	6	15218
32000	7	15222
32000	8	15362
32000	9	15291
36000	0	16698
36000	1	16809
36000	2	16588
36000	3	16442
36000	4	16617
36000	5	16784
36000	6	16534
36000	7	16776
36000	8	16768
36000	9	16674
40000	0	18272
40000	1	18175
40000	2	18215
40000	3	18260
40000	4	18068
40000	5	18132
40000	6	18153
40000	7	18153
40000	8	18306
40000	9	18156
44000	0	19584
44000	1	19488
44000	2	19451
44000	3	19633
44000	4	19414
44000	5	19565
44000	6	19440
44000	7	19627
44000	8	19459
44000	9	19532
48000	0	20833
48000	1	20744
48000	2	20888
48000	3	20942
48000	4	21040
48000	5	20910
48000	6	20807
48000	7	20962
48000	8	21026
48000	9	20833
52000	0	22179
52000	1	22069
52000	2	22212
52000	3	22237
52000	4	22160
52000	5	22264
52000	6	22166
52000	7	22261
52000	8	22195
52000	9	22196
56000	0	23543
56000	1	23566
56000	2	23502
56000	3	23447
56000	4	23597
56000	5	23417
56000	6	23429
56000	7	23479
56000	8	23450
56000	9	23480
60000	0	25049
60000	1	24823
60000	2	24786
60000	3	24850
60000	4	24726
60000	5	24681
60000	6	24731
60000	7	24858
60000	8	24667
60000	9	24673
64000	0	25970
64000	1	26256
64000	2	26108
64000	3	26076
64000	4	26092
64000	5	26012
64000	6	26029
64000	7	26107
64000	8	26007
64000	9	26066
68000	0	27477
68000	1	27330
68000	2	27144
68000	3	27320
68000	4	27274
68000	5	27236
68000	6	27416
68000	7	27174
68000	8	27095
68000	9	27255
72000	0	28629
72000	1	28560
72000	2	28719
72000	3	28525
72000	4	28521
72000	5	28651
72000	6	28583
72000	7	28548
72000	8	28466
72000	9	28402
76000	0	29559
76000	1	29557
76000	2	29579
76000	3	29544
76000	4	29809
76000	5	29765
76000	6	29709
76000	7	29569
76000	8	29673
76000	9	29785
80000	0	30754
80000	1	30782
80000	2	30875
80000	3	30638
80000	4	30799
80000	5	30966
80000	6	30769
80000	7	30727
80000	8	30838
80000	9	30794
84000	0	31881
84000	1	32011
84000	2	32075
84000	3	31983
84000	4	31931
84000	5	31817
84000	6	32135
84000	7	31939
84000	8	31834
84000	9	32005
88000	0	33262
88000	1	33177
88000	2	33026
88000	3	33304
88000	4	33093
88000	5	33151
88000	6	33139
88000	7	33303
88000	8	33289
88000	9	33088
92000	0	34115
92000	1	34128
92000	2	34056
92000	3	34060
92000	4	34271
92000	5	34083
92000	6	34466
92000	7	34660
92000	8	34296
92000	9	34466
96000	0	35276
96000	1	35380
96000	2	35274
96000	3	35244
96000	4	35059
96000	5	35305
96000	6	35396
96000	7	35296
96000	8	35381
96000	9	35325
100000	0	36435
100000	1	36387
100000	2	36383
100000	3	36444
100000	4	36505
100000	5	36433
100000	6	36467
100000	7	36574
100000	8	36297
100000	9	36318
104000	0	37360
104000	1	37347
104000	2	37569
104000	3	37475
104000	4	37451
104000	5	37497
104000	6	37210
104000	7	37557
104000	8	37444
104000	9	37469
108000	0	38546
108000	1	38627
108000	2	38770
108000	3	38650
108000	4	38522
108000	5	38480
108000	6	38290
108000	7	38371
108000	8	38574
108000	9	38601
112000	0	39564
112000	1	39547
112000	2	39755
112000	3	39451
112000	4	39628
112000	5	39589
112000	6	39443
112000	7	39755
112000	8	39612
112000	9	39597
116000	0	40751
116000	1	40562
116000	2	40763
116000	3	40550
116000	4	40686
116000	5	40751
116000	6	40502
116000	7	40550
116000	8	40557
116000	9	40515
120000	0	41608
120000	1	41665
120000	2	41850
120000	3	41662
120000	4	41699
120000	5	41895
120000	6	41796
120000	7	41529
120000	8	41614
120000	9	41626
124000	0	42601
124000	1	42696
124000	2	42688
124000	3	42611
124000	4	42601
124000	5	42720
124000	6	42820
124000	7	42487
124000	8	42681
124000	9	42700
128000	0	43543
128000	1	43609
128000	2	43800
128000	3	43675
128000	4	43690
128000	5	43752
128000	6	43670
128000	7	43523
128000	8	43738
128000	9	43710
132000	0	44665
132000	1	44671
132000	2	44733
132000	3	44595
132000	4	44859
132000	5	44713
132000	6	44659
132000	7	44664
132000	8	44732
132000	9	44675
136000	0	45593
136000	1	45974
136000	2	45558
136000	3	45563
136000	4	45767
136000	5	45821
136000	6	45535
136000	7	45720
136000	8	45720
136000	9	45843
140000	0	46435
140000	1	46593
140000	2	46663
140000	3	46760
140000	4	46770
140000	5	46673
140000	6	46783
140000	7	46606
140000	8	46668
140000	9	46382
144000	0	47755
144000	1	47720
144000	2	47716
144000	3	47270
144000	4	47850
144000	5	47612
144000	6	47536
144000	7	47396
144000	8	47572
144000	9	47622
148000	0	48810
148000	1	48697
148000	2	48877
148000	3	48674
148000	4	48350
148000	5	48514
148000	6	48588
148000	7	48552
148000	8	48446
148000	9	48522
152000	0	49389
152000	1	49668
152000	2	49362
152000	3	49548
152000	4	49637
152000	5	49579
152000	6	49395
152000	7	49815
152000	8	49687
152000	9	49460
156000	0	50295
156000	1	50341
156000	2	50436
156000	3	50485
156000	4	50524
156000	5	50431
156000	6	50487
156000	7	50311
156000	8	50364
156000	9	50229
160000	0	51410
160000	1	51530
160000	2	51460
160000	3	51514
160000	4	51358
160000	5	51286
160000	6	51500
160000	7	51508
160000	8	51459
160000	9	51487
164000	0	52273
164000	1	52298
164000	2	52480
164000	3	52201
164000	4	52455
164000	5	52314
164000	6	52162
164000	7	52365
164000	8	52205
164000	9	52080
168000	0	53103
168000	1	53405
168000	2	53220
168000	3	53334
168000	4	53125
168000	5	53160
168000	6	53085
168000	7	53020
168000	8	53025
168000	9	53081
172000	0	54087
172000	1	54139
172000	2	54047
172000	3	54016
172000	4	54119
172000	5	54028
172000	6	54052
172000	7	54131
172000	8	54154
172000	9	54239
176000	0	55101
176000	1	55093
176000	2	55113
176000	3	55094
176000	4	55156
176000	5	54992
176000	6	55183
176000	7	55334
176000	8	54887
176000	9	55063
180000	0	55885
180000	1	55845
180000	2	55825
180000	3	56056
180000	4	55700
180000	5	55835
180000	6	55898
180000	7	56073
180000	8	55897
180000	9	55833
184000	0	56832
184000	1	56844
184000	2	56874
184000	3	56578
184000	4	56757
184000	5	56582
184000	6	56880
184000	7	56844
184000	8	56690
184000	9	56881
188000	0	57372
188000	1	57659
188000	2	57756
188000	3	57513
188000	4	57629
188000	5	57673
188000	6	57743
188000	7	57832
188000	8	57597
188000	9	57817
192000	0	58628
192000	1	58640
192000	2	58399
192000	3	58512
192000	4	58519
192000	5	58719
192000	6	58535
192000	7	58615
192000	8	58591
192000	9	58492
196000	0	59304
196000	1	59304
196000	2	59320
196000	3	59414
196000	4	59488
196000	5	59333
196000	6	59293
196000	7	59230
196000	8	59104
196000	9	59298
200000	0	60326
200000	1	60251
200000	2	60219
200000	3	60354
200000	4	60274
200000	5	60129
200000	6	60002
200000	7	60246
200000	8	60054
200000	9	60133
204000	0	60968
204000	1	61199
204000	2	61078
204000	3	61081
204000	4	61081
204000	5	61320
204000	6	60942
204000	7	60955
204000	8	61384
204000	9	61279
208000	0	61960
208000	1	62028
208000	2	61843
208000	3	62010
208000	4	61955
208000	5	62151
208000	6	62048
208000	7	62044
208000	8	61656
208000	9	61915
212000	0	62824
212000	1	62397
212000	2	62868
212000	3	62841
212000	4	62869
212000	5	62948
212000	6	62770
212000	7	62917
212000	8	62824
212000	9	62667
216000	0	63688
216000	1	63573
216000	2	63638
216000	3	63550
216000	4	63563
216000	5	63677
216000	6	63898
216000	7	63796
216000	8	63932
216000	9	63508
220000	0	64282
220000	1	64390
220000	2	64429
220000	3	64275
220000	4	64215
220000	5	64536
220000	6	64422
220000	7	64352
220000	8	64512
220000	9	64361
224000	0	65332
224000	1	65335
224000	2	65353
224000	3	65166
224000	4	65392
224000	5	65338
224000	6	65318
224000	7	65273
224000	8	65493
224000	9	65278
228000	0	65807
228000	1	66180
228000	2	66257
228000	3	66176
228000	4	66242
228000	5	66201
228000	6	66082
228000	7	66450
228000	8	66040
228000	9	65956
232000	0	66613
232000	1	66971
232000	2	67021
232000	3	66819
232000	4	66898
232000	5	67101
232000	6	66931
232000	7	67093
232000	8	66815
232000	9	66793
236000	0	67951
236000	1	67525
236000	2	67588
236000	3	67847
236000	4	67737
236000	5	67807
236000	6	67693
236000	7	67803
236000	8	67870
236000	9	67772
240000	0	68161
240000	1	68363
240000	2	68605
240000	3	68727
240000	4	68552
240000	5	68531
240000	6	68494
240000	7	68559
240000	8	68282
240000	9	68387
244000	0	69159
244000	1	69167
244000	2	69335
244000	3	69142
244000	4	69502
244000	5	69216
244000	6	69385
244000	7	69205
244000	8	69320
244000	9	69405
248000	0	70213
248000	1	70102
248000	2	69982
248000	3	70029
248000	4	70098
248000	5	70155
248000	6	70273
248000	7	69940
248000	8	70044
248000	9	70369
252000	0	70946
252000	1	71000
252000	2	70876
252000	3	70988
252000	4	71011
252000	5	70996
252000	6	70791
252000	7	70978
252000	8	70764
252000	9	70775
256000	0	71577
256000	1	71746
256000	2	71852
256000	3	71819
256000	4	71654
256000	5	71573
256000	6	71461
256000	7	71753
256000	8	71683
256000	9	71588
260000	0	72552
260000	1	72425
260000	2	72423
260000	3	72534
260000	4	72538
260000	5	72566
260000	6	72420
260000	7	72568
260000	8	72299
260000	9	72513
264000	0	73347
264000	1	73293
264000	2	73375
264000	3	73575
264000	4	73383
264000	5	73129
264000	6	73129
264000	7	73449
264000	8	73285
264000	9	73140
268000	0	73715
268000	1	73850
268000	2	73983
268000	3	74170
268000	4	73938
268000	5	73963
268000	6	74160
268000	7	74028
268000	8	74028
268000	9	74057
272000	0	74994
272000	1	74511
272000	2	74663
272000	3	74702
272000	4	74813
272000	5	74844
272000	6	74821
272000	7	74910
272000	8	74622
272000	9	74634
276000	0	75385
276000	1	75652
276000	2	75392
276000	3	75459
276000	4	75500
276000	5	75394
276000	6	75491
276000	7	75491
276000	8	75578
276000	9	75631
280000	0	76213
280000	1	76046
280000	2	76340
280000	3	76109
280000	4	76211
280000	5	76171
280000	6	76347
280000	7	76298
280000	8	76296
280000	9	76336
284000	0	77125
284000	1	76982
284000	2	77033
284000	3	77153
284000	4	76969
284000	5	77048
284000	6	77046
284000	7	76849
284000	8	76964
284000	9	76857
288000	0	77576
288000	1	77618
288000	2	78023
288000	3	77785
288000	4	77757
288000	5	77718
288000	6	77692
288000	7	77637
288000	8	77790
288000	9	77980
292000	0	78321
292000	1	78437
292000	2	78500
292000	3	78461
292000	4	78483
292000	5	78617
292000	6	78483
292000	7	78528
292000	8	78259
292000	9	78521
296000	0	79301
296000	1	79367
296000	2	79281
296000	3	79238
296000	4	79243
296000	5	79261
296000	6	79118
296000	7	79510
296000	8	79312
296000	9	79159
300000	0	79873
300000	1	80195
300000	2	79798
300000	3	80059
300000	4	79771
300000	5	80049
300000	6	80114
300000	7	79949
300000	8	80042
300000	9	79911
304000	0	80714
304000	1	80799
304000	2	80735
304000	3	80644
304000	4	80949
304000	5	80862
304000	6	80596
304000	7	80651
304000	8	80771
304000	9	80599
308000	0	81444
308000	1	81501
308000	2	81297
308000	3	81514
308000	4	81486
308000	5	81598
308000	6	81469
308000	7	81375
308000	8	81578
308000	9	81379
312000	0	82247
312000	1	82071
312000	2	82042
312000	3	82090
312000	4	82291
312000	5	82173
312000	6	82176
312000	7	82040
312000	8	82242
312000	9	82107
316000	0	82716
316000	1	82806
316000	2	82659
316000	3	83047
316000	4	82769
316000	5	82905
316000	6	82965
316000	7	83003
316000	8	82875
316000	9	82985
320000	0	83669
320000	1	83598
320000	2	83572
320000	3	83841
320000	4	83563
320000	5	83647
320000	6	83608
320000	7	83799
320000	8	83474
320000	9	83575
324000	0	84048
324000	1	84336
324000	2	84399
324000	3	84351
324000	4	84415
324000	5	84289
324000	6	84102
324000	7	84251
324000	8	84143
324000	9	84254
328000	0	85138
328000	1	84938
328000	2	84984
328000	3	85173
328000	4	85067
328000	5	85045
328000	6	85200
328000	7	85238
328000	8	84999
328000	9	85057
332000	0	85599
332000	1	85645
332000	2	85893
332000	3	85923
332000	4	85653
332000	5	85888
332000	6	85859
332000	7	85808
332000	8	85764
332000	9	85555
336000	0	86561
336000	1	86429
336000	2	86368
336000	3	86530
336000	4	86465
336000	5	86503
336000	6	86266
336000	7	86379
336000	8	86318
336000	9	86617
340000	0	87158
340000	1	87136
340000	2	87172
340000	3	87150
340000	4	87205
340000	5	87236
340000	6	87098
340000	7	87130
340000	8	87140
340000	9	87218
344000	0	87731
344000	1	87770
344000	2	87792
344000	3	87739
344000	4	87678
344000	5	87691
344000	6	87684
344000	7	87816
344000	8	87733
344000	9	87774
348000	0	88449
348000	1	88458
348000	2	88280
348000	3	88551
348000	4	88398
348000	5	88562
348000	6	88522
348000	7	88393
348000	8	88352
348000	9	88550
352000	0	89165
352000	1	89150
352000	2	89247
352000	3	89255
352000	4	89299
352000	5	89162
352000	6	89278
352000	7	89130
352000	8	89169
352000	9	89199
356000	0	89839
356000	1	89849
356000	2	89939
356000	3	89993
356000	4	89866
356000	5	89735
356000	6	89843
356000	7	89930
356000	8	89870
356000	9	89935
360000	0	90641
360000	1	90622
360000	2	90569
360000	3	90592
360000	4	90480
360000	5	90615
360000	6	90568
360000	7	90431
360000	8	90453
360000	9	90616
364000	0	91270
364000	1	91311
364000	2	91327
364000	3	91177
364000	4	91298
364000	5	91121
364000	6	91173
364000	7	91256
364000	8	91164
364000	9	91273
368000	0	91791
368000	1	91913
368000	2	91948
368000	3	91776
368000	4	92052
368000	5	91921
368000	6	92141
368000	7	91662
368000	8	91817
368000	9	91714
372000	0	92655
372000	1	92592
372000	2	92611
372000	3	92630
372000	4	92621
372000	5	92611
372000	6	92532
372000	7	92633
372000	8	92618
372000	9	92551
376000	0	93196
376000	1	93277
376000	2	93184
376000	3	93219
376000	4	93264
376000	5	93191
376000	6	93275
376000	7	93261
376000	8	93247
376000	9	92965
380000	0	93905
380000	1	93795
380000	2	93932
380000	3	94031
380000	4	93931
380000	5	93870
380000	6	93985
380000	7	93889
380000	8	93844
380000	9	93910
384000	0	94583
384000	1	94557
384000	2	94635
384000	3	94656
384000	4	94604
384000	5	94583
384000	6	94665
384000	7	94523
384000	8	94583
384000	9	94472
388000	0	95222
388000	1	95215
388000	2	95264
388000	3	95125
388000	4	95103
388000	5	95161
388000	6	95410
388000	7	95184
388000	8	95128
388000	9	95192
392000	0	95941
392000	1	95887
392000	2	95784
392000	3	95924
392000	4	95830
392000	5	95913
392000	6	95890
392000	7	95926
392000	8	95902
392000	9	95898
396000	0	96538
396000	1	96455
396000	2	96502
396000	3	96578
396000	4	96529
396000	5	96419
396000	6	96527
396000	7	96628
396000	8	96502
396000	9	96538
400000	0	97133
400000	1	97173
400000	2	97232
400000	3	97256
400000	4	97281
400000	5	97248
400000	6	97208
400000	7	97224
400000	8	97234
400000	9	97187
404000	0	97852
404000	1	97904
404000	2	97804
404000	3	97745
404000	4	97914
404000	5	97830
404000	6	97878
404000	7	97845
404000	8	97900
404000	9	97890
408000	0	98493
408000	1	98425
408000	2	98485
408000	3	98551
408000	4	98577
408000	5	98537
408000	6	98515
408000	7	98445
408000	8	98493
408000	9	98449
412000	0	99203
412000	1	99241
412000	2	99110
412000	3	99118
412000	4	99135
412000	5	99170
412000	6	99142
412000	7	99098
412000	8	99110
412000	9	99059
416000	0	99793
416000	1	99773
416000	2	99745
416000	3	99798
416000	4	99753
416000	5	99680
416000	6	99681
416000	7	99793
416000	8	99797
416000	9	99815
420000	0	100439
420000	1	100460
420000	2	100396
420000	3	100440
420000	4	100413
420000	5	100416
420000	6	100467
420000	7	100442
420000	8	100386
420000	9	100420
424000	0	101084
424000	1	101029
424000	2	101007
424000	3	101041
424000	4	101054
424000	5	101092
424000	6	101082
424000	7	101028
424000	8	101063
424000	9	101048
428000	0	101652
428000	1	101660
428000	2	101683
428000	3	101666
428000	4	101694
428000	5	101664
428000	6	101695
428000	7	101686
428000	8	101670
428000	9	101673
